(title "Total Surface Heat Flux")
(labels "Position" "Total Surface Heat Flux")

((xy/key/label "cf")
0	60935.8
0.00099348	59250.4
0.00193965	56163
0.00284077	53494.1
0.00369897	51485.4
0.00451631	50113.6
0.00529473	49187.6
0.00603608	48619.3
0.00674212	48305.7
0.00741455	48194.2
0.00805496	48226.4
0.00866487	48366.3
0.00924573	48572.7
0.00979894	48813.9
0.0103258	49059.4
0.0108276	49288.3
0.0113055	49486.2
0.0117606	49643.9
0.012194	49756.9
0.0126068	49834.6
0.013	49873.2
0.013325	49884.2
0.01365	49866.1
0.013975	49813.1
0.0143	49742.2
0.014625	49652.6
0.01495	49545.1
0.01495	49545.1
0.015275	49431.4
0.0156	49294.9
0.0158325	49198.1
0.0160719	49093
0.0163186	48958
0.0165726	48808.9
0.0168343	48644
0.0171038	48467
0.0173813	48275.6
0.0176673	48070.3
0.0179618	47849.2
0.0182651	47611.5
0.0185775	47357.3
0.0188993	47085.5
0.0192308	46795.8
0.0195722	46487.8
0.0199238	46161
0.020286	45815.9
0.0206591	45452.9
0.0210433	45072
0.0214391	44673.9
0.0218468	44259.3
0.0222666	43829.2
0.0226991	43384.8
0.0231446	42926.4
0.0236034	42456.6
0.0240759	41976.2
0.0245627	41486.1
0.0250641	40989.1
0.0255805	40486.4
0.0261124	39980.1
0.0266602	39472.4
0.0272245	38967.1
0.0278057	38466.9
0.0284043	37975.2
0.029021	37497.4
0.0296561	37040.1
0.0303102	36610.1
0.030984	36216.1
0.031678	35865.5
0.0323928	35568.3
0.0331291	35333.2
0.0338874	35162.8
0.0346685	35056.9
0.0354731	35007.4
0.0363017	34999.7
0.0371553	35014
0.0380344	35027.3
0.0389399	35018
0.0398726	34967
0.0408332	34859.3
0.0418227	34686.7
0.0428419	34443.3
0.0438916	34127.1
0.0449728	33741.6
0.0460865	33289.9
0.0472336	32777.6
0.048415	32211.6
0.049632	31598.3
0.0508854	30944.8
0.0521764	30257.3
0.0535062	29542.5
0.0548759	28806.1
0.0562866	28053.4
0.0577397	27289.6
0.0592364	26519.2
0.0607779	25746
0.0623658	24975.2
0.0640012	24208.2
0.0656857	23447.5
0.0674208	22697.3
0.0692079	21958.4
0.0710486	21232.7
0.0729445	20522.1
0.0748973	19827.1
0.0769087	19148.9
0.0789805	18488.5
0.0811144	17845.8
0.0833123	17221.7
0.0855761	16616.2
0.0879079	16028.9
0.0903096	15460.4
0.0927834	14910.7
0.0953313	14379
0.0979558	13865
0.100659	13368.6
0.103443	12889.6
0.106311	12427.7
0.109265	11982.2
0.112307	11552.2
0.115441	11137.8
0.118669	10738.5
0.121993	10353.8
0.125417	9983.37
0.128944	9626.34
0.132577	9282.18
0.136319	8950.78
0.140173	8631.44
0.144143	8324.28
0.148231	8028.52
0.152443	7744.85
0.156781	7471.25
0.161248	7208.81
0.16585	6955
0.17059	6711.96
0.175473	6472.76
0.180501	6243.31
0.185681	6012.6
0.191016	5791.6
0.196511	5580.4
0.20217	5298.46
0.208	5129.38
)
